0.5
0.4
0.1
500
0.05
0.1
2665.591818
0.55
0.001
6000000
10000
50
450
2665.591818
0.001
6000000
50000
10000
0.02
12
300000
600000
1200000
2400000
0.5
0.4
0.1
500
0.05
0.1
2665.591818
0.55
0.001
6000000
10000
50
450
2665.591818
0.001
6000000
50000
10000
0.02
12
300000
600000
1200000
2400000
0.5
0.4
0.1
500
0.05
0.1
2665.591818
0.55
0.001
6000000
10000
50
450
2665.591818
0.001
6000000
50000
10000
0.02
12
300000
600000
1200000
2400000
0.5
0.4
0.1
500
0.05
0.1
2665.591818
0.55
0.001
6000000
10000
50
450
2665.591818
0.001
6000000
50000
10000
0.02
12
300000
600000
1200000
2400000
0.5
0.4
0.1
500
0.05
0.1
2665.591818
0.55
0.001
6000000
10000
50
450
2665.591818
0.001
6000000
50000
10000
0.02
12
300000
600000
1200000
2400000
0.5
0.4
0.1
500
0.05
0.1
2665.591818
0.55
0.001
6000000
10000
50
450
2665.591818
0.001
6000000
50000
10000
0.02
12
300000
600000
1200000
2400000
0.5
0.4
0.1
500
0.05
0.1
2665.591818
0.55
0.001
6000000
10000
50
450
2665.591818
0.001
6000000
50000
10000
0.02
12
300000
600000
1200000
2400000
0.5
0.4
0.1
500
0.05
0.1
2665.591818
0.55
0.001
6000000
10000
50
450
2665.591818
0.001
6000000
50000
10000
0.02
12
300000
600000
1200000
2400000
