0.5
0.4
0.02
1500
0.05
1
7996.775454
0.55
0.001
6000000
10000
30
1470
7996.775454
0.001
6000000
100000
10000
0.01
12
600000
1200000
2400000
7200000
0.5
0.4
0.02
1500
0.05
1
7996.775454
0.55
0.001
6000000
10000
30
1470
7996.775454
0.001
6000000
100000
10000
0.01
12
600000
1200000
2400000
7200000
0.5
0.4
0.02
1500
0.05
1
7996.775454
0.55
0.001
6000000
10000
30
1470
7996.775454
0.001
6000000
100000
10000
0.01
12
600000
1200000
2400000
7200000
0.5
0.4
0.02
1500
0.05
1
7996.775454
0.55
0.001
6000000
10000
30
1470
7996.775454
0.0001
6000000
1000000
10000
0.01
12
6000000
12000000
24000000
72000000
0.5
0.4
0.02
1500
0.05
1
7996.775454
0.55
0.001
6000000
10000
30
1470
7996.775454
0.00001
6000000
10000000
10000
0.01
12
60000000
120000000
240000000
720000000
